[gd_scene load_steps=6 format=3 uid="uid://dnc48jro3asqu"]

[ext_resource type="Script" path="res://scenes/cup.gd" id="1_2f5ew"]
[ext_resource type="PackedScene" uid="uid://clhw53e4oh1ns" path="res://models/cup.glb" id="1_xwtfa"]
[ext_resource type="PackedScene" uid="uid://c30xeocvlomln" path="res://scenes/die.tscn" id="3_qt4yw"]
[ext_resource type="Script" path="res://scenes/zoom_in_region.gd" id="3_rtvq6"]

[sub_resource type="CylinderShape3D" id="CylinderShape3D_0mtvu"]
height = 0.14767
radius = 0.104197

[node name="Cup" type="Node3D"]
script = ExtResource("1_2f5ew")

[node name="Body" type="Node3D" parent="."]
transform = Transform3D(0.591324, 0, 0.806432, 0, 0.7, 0, -0.806434, 0, 0.591322, 0, 0, 0)

[node name="Model" parent="Body" instance=ExtResource("1_xwtfa")]
transform = Transform3D(1, 0, 0, 0, -1, 8.74228e-08, 0, -8.74228e-08, -1, 0, 0, 0)

[node name="Dice" type="Node3D" parent="."]
transform = Transform3D(1, 0, 0, 0, 1, 0, 0, 0, 1, 0, -0.0639447, 0)

[node name="Die" parent="Dice" instance=ExtResource("3_qt4yw")]
transform = Transform3D(0.872069, 8.55666e-08, 0.489382, 0, 1, -1.74846e-07, -0.489382, 1.52478e-07, 0.872069, 0, 0, 0.0428023)

[node name="Die2" parent="Dice" instance=ExtResource("3_qt4yw")]
transform = Transform3D(0.987669, -2.7373e-08, -0.156555, 0, 1, -1.74846e-07, 0.156555, 1.7269e-07, 0.987669, 0.0335828, 0, 0.016266)
face = 2

[node name="Die3" parent="Dice" instance=ExtResource("3_qt4yw")]
transform = Transform3D(0.867766, -8.68939e-08, -0.496974, 0, 1, -1.74846e-07, 0.496974, 1.51725e-07, 0.867765, 0, 0, 0)
face = 3

[node name="Die4" parent="Dice" instance=ExtResource("3_qt4yw")]
transform = Transform3D(-0.163754, -1.72486e-07, -0.986501, 0, 1, -1.74846e-07, 0.986501, -2.86318e-08, -0.163754, 0, 0, -0.0392922)
face = 4

[node name="Die5" parent="Dice" instance=ExtResource("3_qt4yw")]
transform = Transform3D(0.999938, 1.94385e-09, 0.0111175, 0, 1, -1.74846e-07, -0.0111175, 1.74835e-07, 0.999938, -0.0405214, 0, 0)
face = 5

[node name="ZoomInRegion" type="Area3D" parent="." node_paths=PackedStringArray("cup")]
collision_layer = 4
collision_mask = 0
monitoring = false
script = ExtResource("3_rtvq6")
cup = NodePath("..")

[node name="CollisionShape3D" type="CollisionShape3D" parent="ZoomInRegion"]
transform = Transform3D(1, 0, 0, 0, 1, 0, 0, 0, 1, 0, 0.00126197, 0)
shape = SubResource("CylinderShape3D_0mtvu")

[node name="Points" type="Node3D" parent="."]
transform = Transform3D(0.591324, 0, 0.806434, 0, 1, 0, -0.806434, 0, 0.591324, 0, 0, 0)

[node name="RestPoint" type="Marker3D" parent="Points"]

[node name="RaisePoint" type="Marker3D" parent="Points"]
transform = Transform3D(1, 0, 0, 0, 0.981276, 0.192608, 0, -0.192608, 0.981276, 0, 0.123029, -0.0350585)

[node name="OriginPoint" type="Marker3D" parent="Points"]
transform = Transform3D(1, 0, 0, 0, 1, 0, 0, 0, 1, 0, 0, -0.161413)

[connection signal="area_entered" from="ZoomInRegion" to="ZoomInRegion" method="_on_area_entered"]
